United_States_09d4:0.8609710108095923
Monday:0.7214695861435589
Friday:0.702973696972312
Sunday:0.7023746845740737
Saturday:0.7022728160604012
Tuesday:0.7019575761169624
Wednesday:0.7012371494684355
Thursday:0.7011797744841676
Wikimedia_Commons_7b57:0.5840749835969619
Sweden:0.5601083079040908
English_language:0.44952001501454975
Science:0.44069126404954295
Netherlands:0.38734996191252397
China:0.3787932182036635
Inhabitant:0.36972199586550136
France:0.3171377970683328
Wiktionary:0.29954826579937227
Italy:0.295215720077329
Germany:0.2895991496575258
Country:0.27147829176397303
Nationality:0.27093727950580176
United_Kingdom_5ad7:0.2655893189815746
Europe:0.2445538004114384
England:0.23904570888827004
Asia:0.23117498901008912
Animal:0.20872410983151687
Et_cetera:0.20401003673976179
Canada:0.200635829385469
India:0.20055361496411767
Turkey:0.19296737693053648
Delhi_Sultanate_d051:0.19275308202627653
Computer:0.19116482658126221
Capital_city:0.18693051878919067
City:0.18044984743992862
Water:0.17778233820703157
Australia:0.17454786274976128
Religion:0.17277602446606924
Russia:0.1704128980627034
Japan:0.16883678032128077
2006:0.1649573930381962
Stone:0.16424124438943508
Portugal:0.16284274796391493
2005:0.16214920996693638
2004:0.15745539448440624
Island:0.1573282222286963
Castle:0.15511792757770357
Tilburg:0.15490579452755013
Latin:0.15398610578329672
Metre:0.15295627821705232
2003:0.14905542781921394
1992:0.1455156710807927
Capital_(city):0.14435336625861395
Adjective:0.143761911728497
Tangsudo:0.14315919511208913
Denmark:0.14308419427389474
Spain:0.14057527177693135
Africa:0.13964210166526278
Earth:0.137620469370751
Volcano:0.13705971732589767
Supreme_Court_of_the_United_States_b835:0.1349892027038027
Plant:0.1318804934169788
Money:0.13109320352892317
South_Holland_8dc5:0.1298160301612221
Fire:0.1297218843121971
Chad:0.1291657818288779
Food:0.12392092332379984
Metal:0.12155273869394627
London:0.12098974747223439
Calvin_and_Hobbes_386b:0.11881813301143881
Mountain:0.11640065525200362
Singer:0.11393985175374985
Greek_mythology:0.10955477478736574
California:0.108083158409468
Greece:0.1073472554440922
Music:0.10641909754565608
August_21:0.1052332359376496
Language:0.10472976945684939
2001:0.1046561021972818
Windsor,_England_abc0:0.10440345245900122
William_the_Conqueror_976a:0.10384308971476694
World_War_II_d045:0.10377667864809968
January_30:0.10281953342363236
Bird:0.10268448925667804
Number:0.10248419425076866
Human:0.10161079019321596
Austria:0.10083131700666997
Hawaii:0.10054983264088747
Wales:0.09952061238269522
Azerbaijan:0.09945533343668782
2002:0.098985390789995
Poland:0.09793183474506818
Mammal:0.09790856338234781
People:0.0974862307645894
Tooth:0.09605771569541334
Symbol:0.0948841153410955
Species:0.09450376578660594
Indonesia:0.0944743515909354
1974:0.09402984642825345
1206:0.0938264309696859
1988:0.09250806469433717
